0 	22.31	9.31	302.77	2661	2661	0
1 	22.53	8.29	208.49	1649	1649	-351.6
2 	22.47	8.16	202.56	1219	1219	-351.6
3 	22.55	8.07	201.98	1500	1500	-351.6
4 	22.63	8.03	201.62	1486	1486	-351.6
5 	22.67	7.98	201.83	1486	1486	-351.6
6 	22.69	7.94	201.37	1486	1486	-351.6
7 	22.74	7.92	202.93	1486	1486	0
8 	22.58	8.62	240.9	1728	1728	351.6
9 	22.6	8.94	300	2689	2689	351.6
10 	22.57	8.98	300.05	2689	2689	351.6
11 	22.54	9	299.61	2689	2689	351.6
12 	22.51	9.01	298.93	2727	2727	0
13 	22.48	9.01	298.41	2727	2727	0
14 	22.41	9.03	298.48	2739	2739	-351.6
15 	22.36	9.05	298.89	2769	2769	-351.6
16 	22.3	9.07	299.13	2723	2723	0
17 	22.3	9.07	299.91	2723	2723	351.6
18 	22.3	9.07	299.79	2723	2723	351.6
19 	22.3	9.07	297.58	2723	2723	351.6
20 	22.25	8.71	283.7	2723	2723	351.6
21 	22.28	8.02	202.74	1731	1731	0
22 	22.49	7.29	178.16	1466	1466	0
23 	22.56	6.53	82.82	614	614	0
0 	22.6	6.37	82.74	599	599	0
1 	22.66	6.52	102.94	753	753	-351.6
2 	22.79	6.49	102.51	745	745	-351.6
3 	22.83	6.48	102.56	739	739	-351.6
4 	22.88	6.45	102.74	738	738	-351.6
5 	22.94	6.43	102.6	733	733	-351.6
6 	23	6.41	102.47	728	728	-351.6
7 	23.05	6.39	102.61	726	726	0
8 	22.7	8.48	264.85	1918	1918	351.6
9 	22.85	8.72	300.73	2569	2569	351.6
10 	22.68	8.88	300.47	2628	2623	351.6
11 	22.64	8.96	300.95	2736	2689	351.6
12 	22.65	8.92	302.33	2717	2711	0
13 	22.63	8.89	301.61	2694	2694	0
14 	22.6	8.89	300.6	2682	2682	-351.6
15 	22.59	8.89	300.42	2684	2684	-351.6
16 	22.56	8.9	300.08	2689	2689	0
17 	22.54	8.9	299.98	2701	2701	351.6
18 	22.51	8.91	299.41	2704	2704	351.6
19 	22.49	8.92	299.33	2707	2707	351.6
20 	22.45	8.92	299.24	2714	2714	351.6
21 	22.43	8.95	300.47	2750	2750	0
22 	22.38	8.97	299.89	2759	2759	0
23 	22.35	8.99	299.63	2763	2763	0
0 	22.29	9.01	299.19	2775	2775	0
1 	22.6	6.39	67.84	526	526	-351.6
2 	22.38	5.93	52.09	385	385	-351.6
3 	22.54	5.76	51.65	373	373	-351.6
4 	22.62	5.67	52.11	372	372	-351.6
5 	22.62	5.63	51.56	365	365	-351.6
6 	22.67	5.59	50.25	356	356	-351.6
7 	22.73	5.58	51.48	360	360	0
8 	22.31	8.11	187.11	1036	1036	351.6
9 	22.42	8.77	298.64	2638	2638	351.6
10 	22.29	8.94	300.38	2738	2738	351.6
11 	22.27	8.98	300.64	2788	2788	351.6
12 	22.22	9.02	300.62	2811	2811	0
13 	22.17	9.05	299.4	2837	2837	0
14 	22.34	8.2	254.67	2280	2280	-351.6
15 	22.28	7.83	202.06	1672	1672	-351.6
16 	22.32	7.78	202.27	1660	1660	0
17 	22.34	7.76	203	1659	1659	351.6
18 	22.39	7.74	203.11	1650	1650	351.6
19 	22.42	7.72	203.56	1645	1645	351.6
20 	22.45	7.71	203.47	1641	1641	351.6
21 	22.48	7.72	203.43	1640	1640	0
22 	22.51	7.72	204.08	1636	1636	0
23 	22.79	6.5	139.22	1017	1017	0
0 	22.65	5.79	48.64	344	344	0
1 	22.68	4.99	13.11	3	3	-351.6
2 	22.71	4.85	0.12	0	0	-351.6
3 	22.85	4.78	0.12	0	0	-351.6
4 	22.85	4.7	0.12	0	0	-351.6
5 	22.91	4.65	0.12	0	0	-351.6
6 	22.97	4.59	0.12	0	0	-351.6
7 	23.02	4.67	0.12	0	0	0
8 	22.92	5.77	38.45	107	107	351.6
9 	22.67	8.48	288.2	2236	2236	351.6
10 	22.73	8.72	300.1	2580	2580	351.6
11 	22.7	8.79	300.47	2629	2629	351.6
12 	22.64	8.8	299.85	2638	2638	0
13 	22.6	8.83	299.79	2655	2655	0
14 	22.54	8.85	299.7	2679	2679	-351.6
15 	22.49	8.9	300.48	2711	2711	-351.6
16 	22.43	8.91	299.8	2721	2721	0
17 	22.36	8.94	300.3	2747	2747	351.6
18 	22.3	8.96	299.83	2766	2766	351.6
19 	22.25	8.99	299.64	2784	2784	351.6
20 	22.16	9.05	298.83	2814	2814	351.6
21 	22.08	9.11	298.17	2852	2852	0
22 	22.52	7.43	221.41	2014	2014	0
23 	22.43	5.91	49.38	324	324	0
0 	22.45	5.28	0.08	0	0	0
1 	22.42	5.1	0.08	0	0	-351.6
2 	22.57	4.99	0.08	0	0	-351.6
3 	22.57	4.93	0.08	0	0	-351.6
4 	22.64	4.88	0.08	0	0	-351.6
5 	22.68	4.82	0.08	0	0	-351.6
6 	22.74	4.75	0.08	0	0	-351.6
7 	22.77	4.71	0.08	0	0	0
8 	22.67	5.97	36.01	91	91	351.6
9 	22.39	8.57	287.58	2305	2305	351.6
10 	22.46	8.83	300.14	2676	2676	351.6
11 	22.39	8.9	300.25	2730	2730	351.6
12 	22.59	7.95	229.51	1965	1965	0
13 	22.5	7.74	203.33	1659	1659	0
14 	22.3	8.81	291.12	2511	2511	-351.6
15 	22.34	8.93	300.53	2755	2755	-351.6
16 	22.25	8.97	299.73	2775	2775	0
17 	22.2	9.01	299.02	2804	2804	351.6
18 	22.14	9.05	298.63	2824	2824	351.6
19 	22.23	8.49	256.86	2325	2325	351.6
20 	22.16	8.43	250.89	2227	2227	351.6
21 	22.17	8.42	250.92	2224	2224	0
22 	22.5	7.01	182.81	1560	1560	0
23 	22.5	5.75	48.01	309	309	0
0 	22.53	5.16	0.05	0	0	0
1 	22.53	5.03	0.05	0	0	-351.6
2 	22.66	4.95	0.05	0	0	-351.6
3 	22.71	4.89	0.05	0	0	-351.6
4 	22.78	4.83	0.05	0	0	-351.6
5 	22.84	4.76	0.05	0	0	-351.6
6 	22.92	4.68	0.05	0	0	-351.6
7 	22.99	4.61	0.05	0	0	0
8 	22.9	5.71	38.46	101	101	351.6
9 	22.67	8.49	284	2186	2186	351.6
10 	22.76	8.74	301.33	2592	2592	351.6
11 	22.75	8.76	299.88	2617	2617	351.6
12 	22.71	8.8	299.89	2621	2621	0
13 	22.68	8.85	301.02	2651	2651	0
14 	22.64	8.87	302.02	2683	2683	-351.6
15 	22.6	8.89	301.95	2695	2695	-351.6
16 	22.57	8.88	301.15	2696	2696	0
17 	22.54	8.9	300.59	2699	2699	351.6
18 	22.51	8.89	300.17	2710	2710	351.6
19 	22.49	8.91	300.55	2718	2718	351.6
20 	22.45	8.93	299.95	2730	2730	351.6
21 	22.42	8.94	299.26	2728	2728	0
22 	22.83	7.36	221.84	1950	1950	0
23 	22.73	6.12	51.6	383	383	0
0 	22.79	5.84	51.72	371	371	0
1 	22.79	5.71	51.8	365	365	-351.6
2 	22.92	5.66	52.04	364	364	-351.6
3 	22.92	5.62	52.26	361	361	-351.6
4 	23	5.59	52.12	360	360	-351.6
5 	23.05	5.57	52.18	356	356	-351.6
6 	23.12	5.54	52.17	356	356	-351.6
7 	23.16	5.52	52.05	354	354	0
8 	23.12	6	66.96	383	383	351.6
9 	22.88	8.47	283.38	2153	2153	351.6
10 	22.98	8.68	300.18	2518	2518	351.6
11 	22.99	8.71	300.1	2541	2541	351.6
12 	22.94	8.74	301.29	2561	2561	0
13 	22.93	8.76	301.9	2585	2585	0
14 	22.9	8.78	301.75	2591	2591	-351.6
15 	22.87	8.79	302	2600	2600	-351.6
16 	22.84	8.8	302.24	2620	2620	0
17 	22.81	8.81	301.73	2620	2620	351.6
18 	22.78	8.82	301.82	2637	2637	351.6
19 	22.75	8.85	302.67	2661	2661	351.6
20 	22.71	8.85	302.3	2665	2665	351.6
21 	22.67	8.9	301.86	2681	2681	0
22 	22.64	8.93	301.69	2696	2696	0
23 	22.6	8.94	300.95	2701	2701	0
0 	22.92	6.36	58.83	454	454	0
1 	22.71	5.94	52.11	376	376	-351.6
2 	22.82	5.78	52.02	368	368	-351.6
3 	22.92	5.7	52.1	365	365	-351.6
4 	22.9	5.65	52.1	361	361	-351.6
5 	22.95	5.61	52.14	361	361	-351.6
6 	22.99	5.58	52.14	359	359	-351.6
7 	23.03	5.54	50.54	345	345	0
8 	22.94	6.17	70.82	393	393	351.6
9 	22.68	8.54	285.64	2212	2212	351.6
10 	22.76	8.78	301.33	2605	2605	351.6
11 	22.75	8.84	302.07	2652	2652	351.6
12 	22.7	8.84	300.84	2642	2642	0
13 	22.68	8.85	300.5	2655	2655	0
14 	22.6	8.86	300.01	2667	2667	-351.6
15 	22.51	8.9	299.76	2695	2695	-351.6
16 	22.44	8.93	299.57	2713	2713	0
17 	22.36	8.96	299.69	2744	2744	351.6
18 	22.27	9	299.46	2775	2775	351.6
19 	22.19	9.04	298.63	2808	2808	351.6
20 	22.14	9.09	299.27	2856	2856	351.6
21 	22.1	9.12	298.92	2884	2884	0
22 	22.53	7.36	209.05	1910	1910	0
23 	22.47	5.95	48.75	306	306	0
0 	22.52	5.44	0.12	0	0	0
1 	22.53	5.28	0.12	0	0	-351.6
2 	22.67	5.18	0.12	0	0	-351.6
3 	22.68	5.11	0.12	0	0	-351.6
4 	22.77	5.04	0.12	0	0	-351.6
5 	22.82	4.94	0.12	0	0	-351.6
6 	22.89	4.85	0.12	0	0	-351.6
7 	22.94	4.78	0.12	0	0	0
8 	22.86	5.69	38	0	0	351.6
9 	22.76	7.94	243.25	1332	1332	351.6
10 	22.72	8.63	283.64	1695	1695	351.6
11 	22.74	8.75	298.87	1953	1953	351.6
12 	22.75	8.37	268.49	1672	1672	0
13 	22.69	8.3	253.39	1542	1542	0
14 	22.58	8.66	271.45	1617	1617	-351.6
15 	22.57	8.85	300.13	2001	2001	-351.6
16 	22.52	8.89	300.08	2015	2015	0
17 	22.45	8.93	300.43	2040	2040	351.6
18 	22.39	8.94	299.66	2046	2046	351.6
19 	22.33	8.99	299.8	2076	2076	351.6
20 	22.26	9.01	299.48	2076	2076	351.6
21 	22.2	9.03	298.23	2084	2084	0
22 	22.57	7.94	263.31	1387	1387	0
23 	22.54	6.05	48.29	0	0	0
0 	22.54	5.45	0.07	0	0	0
1 	22.58	5.24	0.07	0	0	-351.6
2 	22.75	5.16	0.68	1	1	-351.6
3 	22.78	5.08	0.13	0	0	-351.6
4 	22.84	5.02	0.13	0	0	-351.6
5 	22.94	4.94	0.13	0	0	-351.6
6 	23.01	4.87	0.13	0	0	-351.6
7 	23.07	4.77	0.13	0	0	0
8 	22.97	5.79	37.68	76	76	351.6
9 	22.91	7.91	242.92	1806	1806	351.6
10 	22.98	8.15	251.33	2002	2002	351.6
11 	23.02	8.18	251.65	2024	2024	351.6
12 	23.01	8.19	251.66	2027	2027	0
13 	23.04	8.19	251.72	2026	2026	0
14 	22.97	8.18	251.2	2022	2022	-351.6
15 	22.94	8.17	249.82	2022	2022	-351.6
16 	22.91	8.18	249.65	2019	2019	0
17 	22.87	8.2	250.42	2029	2029	351.6
18 	22.85	8.2	250.81	2043	2043	351.6
19 	22.86	8.19	250.46	2043	2043	351.6
20 	22.87	8.21	250.88	2041	2041	351.6
21 	22.86	8.19	250.75	2042	2042	0
22 	22.86	8.21	250.62	2047	2047	0
23 	23.07	7.45	221.18	1827	1827	0
0 	22.97	6.63	102.17	708	708	0
1 	22.89	6.45	97.9	708	708	-351.6
2 	22.94	6.39	101.4	708	708	-351.6
3 	22.97	6.36	101.29	708	708	-351.6
4 	22.97	6.34	100.96	708	708	-351.6
5 	22.96	6.33	100.73	708	708	-351.6
6 	22.98	6.33	101.2	708	708	-351.6
7 	23.01	6.31	100.42	708	708	0
8 	22.95	6.62	111.53	1860	1860	351.6
9 	22.79	7.98	242.1	1860	1860	351.6
10 	22.83	8.07	249.94	2097	2097	351.6
11 	22.83	8.07	248.95	2097	2097	351.6
12 	22.83	8.07	248.95	2097	2097	0
13 	22.83	8.07	248.95	2097	2097	0
14 	22.83	8.07	248.95	2097	2097	-351.6
15 	22.83	8.07	248.95	2097	2097	-351.6
16 	22.83	8.07	248.95	2097	2097	0
17 	22.83	8.07	248.95	2097	2097	351.6
18 	22.83	8.07	248.95	2097	2097	351.6
19 	22.83	8.07	248.95	2097	2097	351.6
20 	22.61	8.25	251.12	2097	2097	351.6
21 	22.57	8.26	250.27	2097	2097	0
22 	22.89	6.95	187.91	1489	1489	0
23 	22.8	5.9	52.06	378	378	0
0 	22.82	5.65	51.54	366	366	0
1 	22.84	4.9	28.43	34	34	-351.6
2 	22.91	4.7	0.1	0	0	-351.6
3 	22.93	4.62	0.1	0	0	-351.6
4 	22.99	4.58	0.1	0	0	-351.6
5 	23.03	4.53	0.1	0	0	-351.6
6 	23.07	4.46	0.1	0	0	-351.6
7 	23.11	4.41	0.1	0	0	0
8 	23.01	5.87	69.64	359	359	351.6
9 	22.9	7.89	244.1	1816	1816	351.6
10 	22.93	8.1	250.38	1994	1994	351.6
11 	22.95	8.14	251.36	2023	2023	351.6
12 	22.91	8.15	250.84	2023	2023	0
13 	22.9	8.15	250.42	2023	2023	0
14 	22.82	8.16	249.91	2026	2026	-351.6
15 	22.77	8.18	250.45	2047	2047	-351.6
16 	22.72	8.18	250.15	2053	2053	0
17 	22.67	8.2	250.12	2063	2063	351.6
18 	22.61	8.21	249.81	2070	2070	351.6
19 	22.59	8.22	249.86	2081	2081	351.6
20 	22.58	8.23	250.23	2093	2093	351.6
21 	22.55	8.25	250.25	2092	2092	0
22 	22.85	7.02	189.42	1533	1533	0
23 	22.76	5.9	53.91	393	393	0
0 	22.85	4.94	33.96	24	24	0
1 	22.76	4.64	0.15	0	0	-351.6
2 	22.91	4.52	0.15	0	0	-351.6
3 	22.92	4.46	0.15	0	0	-351.6
4 	22.97	4.4	0.15	0	0	-351.6
5 	23	4.37	0.15	0	0	-351.6
6 	23.04	4.34	0.15	0	0	-351.6
7 	23.08	4.3	0.15	0	0	0
8 	22.96	5.75	64.12	326	326	351.6
9 	22.85	7.88	241.26	1312	1312	351.6
10 	22.88	8.1	250.75	1450	1450	351.6
11 	22.9	8.13	251.11	1459	1459	351.6
12 	23.02	7.4	198.96	1076	1076	0
13 	22.96	7.23	172.62	909	909	0
14 	22.94	7.21	172.63	913	913	-351.6
15 	22.93	7.2	172.54	911	911	-351.6
16 	22.93	7.2	172.54	916	916	0
17 	22.76	7.97	223.67	1192	1192	351.6
18 	22.8	8.14	250.11	1479	1479	351.6
19 	22.76	8.17	249.87	1479	1479	351.6
20 	22.75	8.17	249.85	1483	1483	351.6
21 	22.71	8.19	250.24	1491	1491	0
22 	23	6.97	190.31	667	667	0
23 	22.92	5.87	53.62	0	0	0
0 	22.99	4.88	19.71	0	0	0
1 	22.92	4.52	0.02	0	0	-351.6
2 	23.04	4.37	0.02	0	0	-351.6
3 	23.07	4.29	0.02	0	0	-351.6
4 	23.11	4.25	0.02	0	0	-351.6
5 	23.12	4.22	0.02	0	0	-351.6
6 	23.17	4.18	0.02	0	0	-351.6
7 	23.2	4.16	0.02	0	0	0
8 	23.08	5.63	63.34	341	341	351.6
9 	22.96	7.85	241.99	1785	1785	351.6
10 	23	8.06	250.26	1984	1984	351.6
11 	23	8.11	250.9	2001	2001	351.6
12 	22.94	8.13	250.69	2017	2017	0
13 	22.92	8.14	250.76	2018	2018	0
14 	22.83	8.16	251.09	2031	2031	-351.6
15 	22.76	8.17	250.46	2050	2050	-351.6
16 	22.7	8.18	249.66	2051	2051	0
17 	22.72	7.69	202.57	1627	1627	351.6
18 	22.45	8.43	239.79	1778	1778	351.6
19 	22.46	8.8	299.99	2666	2666	351.6
20 	22.41	8.86	300.04	2702	2702	351.6
21 	22.32	8.9	299.39	2738	2738	0
22 	22.26	8.93	298.8	2754	2754	0
23 	22.67	6.51	106.55	878	878	0
0 	22.52	5.17	30.84	22	22	0
1 	22.52	4.73	0.03	0	0	-351.6
2 	22.6	4.51	0.03	0	0	-351.6
3 	22.7	4.38	0.03	0	0	-351.6
4 	22.69	4.33	0.03	0	0	-351.6
5 	22.75	4.3	0.03	0	0	-351.6
6 	22.8	4.28	0.03	0	0	-351.6
7 	22.83	4.25	0.03	0	0	0
8 	22.67	5.77	61.72	315	315	351.6
9 	22.6	7.93	244.33	1871	1871	351.6
10 	22.6	8.13	250.11	2058	2058	351.6
11 	22.59	8.2	250.4	2087	2087	351.6
12 	22.71	7.43	195.65	1546	1546	0
13 	22.64	7.28	172.89	1317	1317	0
14 	22.62	7.26	172.98	1314	1314	-351.6
15 	22.6	7.26	172.18	1310	1310	-351.6
16 	22.6	7.24	171.96	1308	1308	0
17 	22.42	8.06	223.75	1712	1712	351.6
18 	22.44	8.25	252.36	2129	2129	351.6
19 	22.39	8.28	252.04	2156	2156	351.6
20 	22.36	8.29	252.31	2161	2161	351.6
21 	22.34	8.31	251.78	2172	2172	0
22 	22.64	6.91	185.33	1501	1501	0
23 	22.55	5.87	51.49	379	379	0
0 	22.64	4.89	7.1	1	1	0
1 	22.59	4.56	0.04	0	0	-351.6
2 	22.72	4.37	0.04	0	0	-351.6
3 	22.75	4.27	0.04	0	0	-351.6
4 	22.79	4.22	0.04	0	0	-351.6
5 	22.82	4.18	0.04	0	0	-351.6
6 	22.85	4.16	0.04	0	0	-351.6
7 	22.88	4.13	0.04	0	0	0
8 	22.75	5.63	62.12	319	319	351.6
9 	22.62	7.9	239.8	1790	1790	351.6
10 	22.65	8.14	250.81	2054	2054	351.6
11 	22.65	8.19	250.93	2075	2075	351.6
12 	22.76	7.45	199.86	1597	1597	0
13 	22.69	7.25	172.84	1324	1324	0
14 	22.67	7.22	172.46	1314	1314	-351.6
15 	22.65	7.21	172	1308	1308	-351.6
16 	22.64	7.21	171.74	1310	1310	0
17 	22.47	8.01	226.84	1682	1682	351.6
18 	22.48	8.17	250.76	2064	2064	351.6
19 	22.41	8.21	251.64	2094	2094	351.6
20 	22.39	8.24	252.27	2119	2119	351.6
21 	22.35	8.25	252.12	2119	2119	0
22 	22.64	7.07	196.07	1615	1615	0
23 	22.56	5.88	52.45	386	386	0
0 	22.63	4.89	32.55	25	25	0
1 	22.55	4.52	0.17	0	0	-351.6
2 	22.69	4.34	0.17	0	0	-351.6
3 	22.71	4.24	0.17	0	0	-351.6
4 	22.76	4.18	0.17	0	0	-351.6
5 	22.79	4.14	0.17	0	0	-351.6
6 	22.84	4.12	0.17	0	0	-351.6
7 	22.87	4.1	0.17	0	0	0
8 	22.74	5.6	61.49	311	311	351.6
9 	22.62	7.89	238.92	1785	1785	351.6
10 	22.64	8.14	251.08	2060	2060	351.6
11 	22.64	8.18	250.58	2081	2081	351.6
12 	22.77	7.19	165.57	1286	1286	0
13 	22.7	7.04	152.61	1151	1151	0
14 	22.73	7	152.11	1137	1137	-351.6
15 	22.73	6.99	152.11	1138	1138	-351.6
16 	22.75	6.99	152.54	1137	1137	0
17 	22.58	7.95	217.48	1544	1544	351.6
18 	22.63	8.14	250.01	2053	2053	351.6
19 	22.59	8.18	250	2069	2069	351.6
20 	22.58	8.2	250.04	2078	2078	351.6
21 	22.55	8.21	249.82	2080	2080	0
22 	22.82	6.91	186.83	1490	1490	0
23 	22.76	5.84	52.6	380	380	0
0 	22.85	4.86	31.3	20	20	0
1 	22.78	4.54	0.2	0	0	-351.6
2 	22.93	4.35	0.2	0	0	-351.6
3 	22.96	4.28	0.2	0	0	-351.6
4 	23	4.21	0.2	0	0	-351.6
5 	23.03	4.17	0.2	0	0	-351.6
6 	23.08	4.16	0.2	0	0	-351.6
7 	23.12	4.19	0.2	0	0	0
8 	22.98	5.75	65.53	338	338	351.6
9 	22.87	7.86	243.44	1818	1818	351.6
10 	22.91	8.1	250.72	2008	2008	351.6
11 	22.93	8.15	252.81	2046	2046	351.6
12 	23.03	7.34	183.71	1411	1411	0
13 	22.99	7.22	171.95	1286	1286	0
14 	22.87	7.95	227.18	1630	1630	-351.6
15 	22.96	8.09	251.33	1995	1995	-351.6
16 	22.92	8.1	250.67	1998	1998	0
17 	22.93	8.11	251.04	2003	2003	351.6
18 	22.91	8.12	250.78	2003	2003	351.6
19 	22.9	8.12	249.99	1998	1998	351.6
20 	22.87	8.14	250.19	2008	2008	351.6
21 	22.88	8.16	250.05	2009	2009	0
22 	22.88	8.17	250.95	2013	2013	0
23 	22.88	8.16	251.33	2018	2018	0
0 	22.82	8.19	252.21	2027	2027	0
1 	22.96	6.94	134.34	1031	1031	-351.6
2 	22.89	6.8	131.32	976	976	-351.6
3 	22.95	6.75	131	961	961	-351.6
4 	23	6.73	131.01	960	960	-351.6
5 	23.01	6.72	131.27	956	956	-351.6
6 	23.03	6.71	130.78	955	955	-351.6
7 	23.07	6.71	130.32	944	944	0
8 	23.07	6.8	134.56	977	977	351.6
9 	22.9	8.02	242.76	1853	1853	351.6
10 	22.86	8.69	298.57	2495	2495	351.6
11 	22.92	8.77	302.01	2588	2588	351.6
12 	22.86	8.81	302.53	2612	2612	0
13 	22.85	8.83	302.82	2638	2638	0
14 	22.96	8.35	273.37	2281	2281	-351.6
15 	22.88	8.22	252.33	2038	2038	-351.6
16 	22.92	8.2	251.8	2026	2026	0
17 	22.94	8.09	244.36	1947	1947	351.6
18 	22.93	8.08	242.04	1927	1927	351.6
19 	22.96	8.1	243	1928	1928	351.6
20 	22.99	8.1	242.48	1928	1928	351.6
21 	23	8.1	242.69	1924	1924	0
22 	23.03	8.09	242.33	1914	1914	0
23 	23.05	8.09	242.45	1916	1916	0
0 	23	8.06	242.02	1908	1908	0
1 	22.96	7.74	203.13	1601	1601	-351.6
2 	22.94	7.69	203.06	1588	1588	-351.6
3 	22.93	7.69	203	1584	1584	-351.6
4 	22.9	7.67	202.87	1588	1588	-351.6
5 	22.87	7.69	202.52	1593	1593	-351.6
6 	22.84	7.68	202.13	1590	1590	-351.6
7 	22.82	7.69	201.87	1592	1592	0
8 	22.71	8.23	249.14	2092	2092	351.6
9 	22.69	8.34	251.98	2092	2092	351.6
10 	22.64	8.31	251.78	2106	2106	351.6
11 	22.7	8.3	252.04	2104	2104	351.6
12 	22.71	8.3	252.18	2100	2100	0
13 	22.72	8.29	252.17	2103	2103	0
14 	22.68	8.28	251.93	2103	2103	-351.6
15 	22.65	8.29	251.27	2092	2092	-351.6
16 	22.62	8.3	251.64	2105	2105	0
17 	22.61	8.3	251.25	2109	2109	351.6
18 	22.56	8.3	251.27	2108	2108	351.6
19 	22.44	8.86	295.71	2604	2604	351.6
20 	22.44	8.96	299.54	2725	2725	351.6
21 	22.35	9	298.66	2746	2746	0
22 	22.71	7.72	249.37	2267	2267	0
23 	22.63	6.33	52.82	402	402	0
0 	22.62	6.02	52.46	383	383	0
1 	22.69	5.34	11.87	4	4	-351.6
2 	22.8	5.21	0.15	0	0	-351.6
3 	22.81	5.09	0.15	0	0	-351.6
4 	22.91	5.02	0.15	0	0	-351.6
5 	22.95	4.93	0.15	0	0	-351.6
6 	23.03	4.83	0.15	0	0	-351.6
7 	23.08	5.15	0.15	0	0	0
8 	22.91	6.6	62.11	225	225	351.6
9 	22.81	8.57	291.9	2349	2349	351.6
10 	22.83	8.76	300.37	2567	2567	351.6
11 	22.82	8.78	300.78	2603	2603	351.6
12 	22.76	8.8	300.2	2619	2619	0
13 	22.73	8.83	300.87	2642	2642	0
14 	22.68	8.86	302.49	2673	2673	-351.6
15 	22.64	8.88	302.24	2688	2688	-351.6
16 	22.59	8.89	302.61	2708	2708	0
17 	22.54	8.91	302.83	2728	2728	351.6
18 	22.48	8.93	302.62	2758	2758	351.6
19 	22.43	8.96	302	2758	2758	351.6
20 	22.37	8.98	301.07	2768	2768	351.6
21 	22.3	9.02	299.88	2779	2779	0
22 	22.71	7.33	226.07	1866	1866	0
23 	22.56	6.26	53.69	409	409	0
0 	22.66	5.46	26.69	15	15	0
1 	22.6	5.26	0.15	0	0	-351.6
2 	22.75	5.14	0.15	0	0	-351.6
3 	22.75	5.05	0.15	0	0	-351.6
4 	22.81	4.97	0.15	0	0	-351.6
5 	22.85	4.87	0.15	0	0	-351.6
6 	22.91	4.77	0.15	0	0	-351.6
7 	22.95	4.68	0.15	0	0	0
8 	22.81	6.18	53.32	212	212	351.6
9 	22.6	8.6	287.57	2277	2277	351.6
10 	22.64	8.82	300.61	2633	2633	351.6
11 	22.59	8.87	300.28	2671	2671	351.6
12 	22.73	7.84	206.27	1705	1705	0
13 	22.66	7.73	202.42	1630	1630	0
14 	22.71	7.69	203.02	1622	1622	-351.6
15 	22.73	7.67	202.58	1609	1609	-351.6
16 	22.74	7.66	202.75	1611	1611	0
17 	22.6	8.12	218.06	1629	1629	351.6
18 	22.59	8.73	299.56	2600	2600	351.6
19 	22.55	8.79	298.46	2642	2642	351.6
20 	22.46	8.89	300.2	2703	2703	351.6
21 	22.39	8.97	300.35	2743	2743	0
22 	22.77	7.27	211.79	1794	1794	0
23 	22.61	6.18	51.3	380	380	0
0 	22.71	5.41	31.11	18	18	0
1 	22.63	5.21	0.16	0	0	-351.6
2 	22.78	5.07	0.16	0	0	-351.6
3 	22.76	5	0.16	0	0	-351.6
4 	22.82	4.91	0.16	0	0	-351.6
5 	22.86	4.83	0.16	0	0	-351.6
6 	22.9	4.75	0.16	0	0	-351.6
7 	22.94	4.66	0.16	0	0	0
8 	22.81	5.92	47.62	158	158	351.6
9 	22.56	8.53	278.96	2147	2147	351.6
10 	22.61	8.8	300.06	2629	2629	351.6
11 	22.55	8.88	300.42	2686	2686	351.6
12 	22.69	7.86	206.43	1718	1718	0
13 	22.6	7.75	202.16	1639	1639	0
14 	22.63	7.7	202.85	1630	1630	-351.6
15 	22.63	7.69	203.11	1631	1631	-351.6
16 	22.63	7.67	202.5	1625	1625	0
17 	22.55	7.97	212.21	1645	1645	351.6
18 	22.54	8.22	250.88	2082	2082	351.6
19 	22.52	8.27	251.24	2111	2111	351.6
20 	22.47	8.29	251.85	2133	2133	351.6
21 	22.44	8.34	251.46	2143	2143	0
22 	22.71	7.05	182.75	1516	1516	0
23 	22.63	6.13	51.47	380	380	0
0 	22.7	5.38	10.85	8	8	0
1 	22.64	5.19	0.18	0	0	-351.6
2 	22.77	5.07	0.24	0	0	-351.6
3 	22.78	5	0.06	0	0	-351.6
4 	22.82	4.92	0.06	0	0	-351.6
5 	22.85	4.85	0.06	0	0	-351.6
6 	22.89	4.76	0.06	0	0	-351.6
7 	22.91	4.68	0.06	0	0	0
8 	22.84	5.23	18.99	33	33	351.6
9 	22.57	7.94	238.01	1751	1751	351.6
10 	22.64	8.24	251.52	2076	2076	351.6
11 	22.62	8.32	252.17	2115	2115	351.6
12 	22.74	7.29	160.25	1235	1235	0
13 	22.65	7.17	154.43	1159	1159	0
14 	22.69	7.14	155.72	1164	1164	-351.6
15 	22.69	7.09	151.98	1131	1131	-351.6
16 	22.72	7.04	152.26	1128	1128	0
17 	22.56	8.02	218.03	1544	1544	351.6
18 	22.62	8.24	250.06	2078	2078	351.6
19 	22.56	8.27	250.08	2098	2098	351.6
20 	22.52	8.29	249.79	2109	2109	351.6
21 	22.48	8.34	251.46	2143	2143	0
22 	22.83	6.73	189.06	1374	1374	0
23 	22.69	5.52	0.18	0	0	0
0 	22.74	5.23	0.18	0	0	0
1 	22.7	5.05	0.18	0	0	-351.6
2 	22.84	4.96	0.18	0	0	-351.6
3 	22.83	4.9	0.18	0	0	-351.6
4 	22.88	4.84	0.18	0	0	-351.6
5 	22.92	4.75	0.18	0	0	-351.6
6 	22.96	4.69	0.18	0	0	-351.6
7 	22.98	4.6	0.18	0	0	0
8 	22.92	5.18	20.71	32	32	351.6
9 	22.68	7.84	232.12	1666	1666	351.6
10 	22.77	8.18	251.96	2051	2051	351.6
11 	22.75	8.25	250.75	2064	2064	351.6
12 	22.84	7.42	179.95	1386	1386	0
13 	22.78	7.27	171.49	1289	1289	0
14 	22.81	7.26	172.28	1291	1291	-351.6
15 	22.8	7.25	172.45	1291	1291	-351.6
16 	22.81	7.26	172.67	1291	1291	0
17 	22.68	8.04	224.21	1688	1688	351.6
18 	22.72	8.22	252.39	2083	2083	351.6
19 	22.65	8.27	251.79	2095	2095	351.6
20 	22.61	8.29	252.09	2113	2113	351.6
21 	22.57	8.31	251.9	2121	2121	0
22 	22.93	6.65	172.22	1236	1236	0
23 	22.79	5.33	0.17	0	0	0
0 	22.83	5.08	0.17	0	0	0
1 	22.79	4.89	0.17	0	0	-351.6
2 	22.93	4.81	0.17	0	0	-351.6
3 	22.93	4.74	0.17	0	0	-351.6
4 	22.97	4.7	0.17	0	0	-351.6
5 	23.01	4.63	0.17	0	0	-351.6
6 	23.04	4.57	0.17	0	0	-351.6
7 	23.06	4.51	0.17	0	0	0
8 	22.96	4.56	13.33	11	11	351.6
9 	22.77	7.84	238.12	1728	1728	351.6
10 	22.85	8.13	252.07	2033	2033	351.6
11 	22.83	8.17	250.5	2040	2040	351.6
12 	22.97	6.84	131.08	975	975	0
13 	22.88	6.64	120.84	869	869	0
14 	22.93	6.59	121.64	867	867	-351.6
15 	22.92	6.57	121.75	867	867	-351.6
16 	22.94	6.56	121.81	866	866	0
17 	22.76	7.86	207.57	1431	1431	351.6
18 	22.85	8.14	251.25	2035	2035	351.6
19 	22.78	8.23	251.86	2064	2064	351.6
20 	22.74	8.26	252.12	2085	2085	351.6
21 	22.69	8.26	252.5	2099	2099	0
22 	23.05	6.52	192.22	1253	1253	0
23 	22.9	5.17	0.14	0	0	0
0 	22.94	4.82	0.14	0	0	0
1 	22.89	4.68	0.14	0	0	-351.6
2 	23.02	4.63	0.14	0	0	-351.6
3 	23.03	4.58	0.14	0	0	-351.6
4 	23.06	4.55	0.14	0	0	-351.6
5 	23.1	4.52	0.14	0	0	-351.6
6 	23.13	4.46	0.14	0	0	-351.6
7 	23.16	4.4	0.14	0	0	0
8 	23.1	5.04	20.35	33	33	351.6
9 	22.91	7.82	240.92	1745	1745	351.6
10 	22.99	8.12	251.49	1999	1999	351.6
11 	22.98	8.15	251.64	2023	2023	351.6
12 	23.14	6.79	133.06	973	973	0
13 	23.08	6.61	122.7	871	871	0
14 	23.14	6.57	122.79	863	863	-351.6
15 	23.18	6.54	122.56	859	859	-351.6
16 	23.22	6.54	122.72	857	857	0
17 	23.05	7.84	211.58	1455	1455	351.6
18 	23.16	8.08	251.93	1981	1981	351.6
19 	23.09	8.13	252.18	2002	2002	351.6
20 	23.08	8.15	252.6	2018	2018	351.6
21 	23.05	8.15	252.56	2025	2025	0
22 	23.38	6.5	197.48	1246	1246	0
23 	23.25	5.15	0.16	0	0	0
0 	23.28	4.7	0.16	0	0	0
1 	23.23	4.5	0.16	0	0	-351.6
2 	23.36	4.41	0.16	0	0	-351.6
3 	23.39	4.35	0.16	0	0	-351.6
4 	23.41	4.34	0.16	0	0	-351.6
5 	23.45	4.31	0.16	0	0	-351.6
6 	23.41	5.02	30.73	117	117	-351.6
7 	23.48	5.32	50.99	318	318	0
8 	23.41	5.69	61.15	341	341	351.6
9 	23.21	7.82	236.07	1673	1673	351.6
10 	23.27	8.03	251.54	1945	1945	351.6
11 	23.28	8.08	252.12	1964	1964	351.6
12 	23.2	8.1	251.37	1967	1967	0
13 	23.19	8.11	252.56	1992	1992	0
14 	23.14	8.13	253.27	2008	2008	-351.6
15 	23.11	8.13	252.57	2008	2008	-351.6
16 	23.09	8.15	252.26	2010	2010	0
17 	23.06	8.15	252.36	2015	2015	351.6
18 	23.02	8.16	251.77	2019	2019	351.6
19 	22.99	8.15	252.39	2032	2032	351.6
20 	22.96	8.17	252.4	2039	2039	351.6
21 	22.92	8.19	252.92	2050	2050	0
22 	23.26	6.61	193.7	1328	1328	0
23 	23.13	5.19	0.21	0	0	0
0 	23.17	4.75	-0.12	0	0	0
1 	23.12	4.5	0.12	0	0	-351.6
2 	23.25	4.38	0.12	0	0	-351.6
3 	23.27	4.31	0.12	0	0	-351.6
4 	23.29	4.27	0.12	0	0	-351.6
5 	23.33	4.24	0.12	0	0	-351.6
6 	23.36	4.21	0.12	0	0	-351.6
7 	23.38	4.19	0.12	0	0	0
8 	23.29	4.82	21.66	36	36	351.6
9 	23.12	7.74	237.42	1668	1668	351.6
10 	23.18	8.06	251.72	1956	1956	351.6
11 	23.17	8.09	251.81	1984	1984	351.6
12 	23.09	8.14	252.67	2005	2005	0
13 	23.06	8.14	252.38	2015	2015	0
14 	23	8.16	251.88	2021	2021	-351.6
15 	22.95	8.18	252.67	2040	2040	-351.6
16 	22.9	8.19	252.35	2048	2048	0
17 	22.84	8.19	252.33	2059	2059	351.6
18 	22.79	8.2	251.76	2063	2063	351.6
19 	22.74	8.23	252.23	2080	2080	351.6
20 	22.7	8.23	251.85	2085	2085	351.6
21 	22.63	8.26	252.31	2103	2103	0
22 	22.99	6.55	186.53	1292	1292	0
23 	22.83	5.13	0.18	0	0	0
0 	22.87	4.66	0.18	0	0	0
1 	22.82	4.44	0.18	0	0	-351.6
2 	22.95	4.34	0.18	0	0	-351.6
3 	22.97	4.26	0.18	0	0	-351.6
4 	23	4.22	0.18	0	0	-351.6
5 	23.03	4.19	0.18	0	0	-351.6
6 	23.05	4.17	0.18	0	0	-351.6
7 	23.06	4.15	0.18	0	0	0
8 	23	4.82	19.94	32	32	351.6
9 	22.76	7.8	236.35	1686	1686	351.6
10 	22.85	8.13	251.42	2023	2023	351.6
11 	22.8	8.19	251.48	2054	2054	351.6
12 	22.91	7.12	156.17	1188	1188	0
13 	22.83	6.99	152.22	1134	1134	0
14 	22.84	6.98	151.98	1128	1128	-351.6
15 	22.82	6.96	151.27	1121	1121	-351.6
16 	22.82	6.96	151.16	1121	1121	0
17 	22.68	7.98	219.54	1564	1564	351.6
18 	22.72	8.19	252.26	2073	2073	351.6
19 	22.64	8.24	252.11	2093	2093	351.6
20 	22.58	8.25	252.15	2110	2110	351.6
21 	22.54	8.26	251.7	2114	2114	0
22 	22.87	6.59	192.7	1328	1328	0
23 	22.73	5.13	0.04	0	0	0
0 	22.77	4.65	0.04	0	0	0
1 	22.71	4.42	0.04	0	0	-351.6
2 	22.85	4.3	0.04	0	0	-351.6
3 	22.84	4.23	0.04	0	0	-351.6
4 	22.88	4.17	0.04	0	0	-351.6
5 	22.91	4.15	0.04	0	0	-351.6
6 	22.93	4.12	0.04	0	0	-351.6
7 	22.94	4.11	0.04	0	0	0
8 	22.87	4.93	21.6	36	36	351.6
9 	22.63	7.8	235.52	2054	2054	351.6
10 	22.7	8.15	252.24	2054	2054	351.6
11 	22.66	8.21	251.51	2083	2083	351.6
12 	22.76	7.18	157.33	1207	1207	0
13 	22.69	7.04	152.79	1153	1153	0
14 	22.7	7.01	152.74	1147	1147	-351.6
15 	22.67	7	152.37	1146	1146	-351.6
16 	22.67	7.02	152.26	1146	1146	0
17 	22.5	7.97	217.63	1578	1578	351.6
18 	22.54	8.2	251.2	2096	2096	351.6
19 	22.46	8.26	252.14	2127	2127	351.6
20 	22.4	8.27	251.55	2148	2148	351.6
21 	22.34	8.28	250.54	2149	2149	0
22 	22.68	6.63	187.55	1352	1352	0
23 	22.54	5.14	0.18	0	0	0
0 	22.58	4.64	0.18	0	0	0
